47025 4 486 12 5270 4 25321 2147483647 47025 4 477 12 585 4 25321 2147483647 47025 4 30002 1 23731 1 5701 1 5709 4 5 2147483647 47025 4 501 12 5271 37291 37292 4 25321 2147483647 47025 4 5706
47025 4 3028 1 3027 1 3030 12 585 37291 37292 4 25321 2147483647 47025 4 20909 12 585 4 25321 2147483647 47025 4 486 1 490 12 21968 4 25321 2147483647 47025 4 23734 12 21968 37291 37292 4 25321
47025 4 3028 4 5 2147483647 47025 4 32 2147483647 47025 4 23734 1 23735 4 5 2147483647 47025 4 479 12 585 4 25321 2147483647 47025 4 478 4 5 2147483647 47025 4 5701 12 585 37291 37292 4 25321
47025 4 488 1 501 12 585 37291 37292 4 25321 2147483647 47025 4 5709 4 5 2147483647 47025 4 490 12 585 37291 37292 4 25321 2147483647 47025 4 496 1 488 1 501 12 585 4 25321 2147483647 47025
47025 4 482 12 585 4 25321 2147483647 47025 4 3030 4 5 2147483647 47025 4 31 2147483647 47025 4 20910 4 5 2147483647 47025 4 31 2147483647 47025 4 23734 12 21968 4 25321 2147483647 47025 4 482 4 5
47025 4 501 1 482 12 28316 37291 37292 4 25321 2147483647 47025 4 5706 12 28316 4 25321 2147483647 47025 4 478 1 482 12 23652 37291 37292 4 25321 2147483647 47025 4 501 4 5 2147483647 47025 4 20911
47025 4 20911 1 496 4 5 2147483647 47025 4 30002 1 5710 1 5701 4 5 2147483647 47025 4 488 1 501 4 5 2147483647 47025 4 478 1 482 12 23166 37291 37292 4 25321 2147483647 47025 4 486
47025 4 497 1 501 1 482 12 23652 4 25321 2147483647 47025 4 496 12 585 4 25321 2147483647 47025 4 20911 1 496 1 488 12 585 4 25321 2147483647 47025 4 477 1 482 12 23166 37291 37292
47025 4 482 12 23166 4 25321 2147483647 47025 4 23735 4 5 2147483647 47025 4 490 12 28317 4 25321 2147483647 47025 4 5706 4 5 2147483647 47025 4 490 12 23166 4 25321 2147483647 47025 4 5701 1 5709
47025 4 3027 4 5 2147483647 47025 4 478 1 482 4 5 2147483647 47025 4 488 1 501 4 5 2147483647 47025 4 23731 1 5701 12 585 4 25321 2147483647 47025 4 501 1 482 12 28316 37291 37292
47025 4 5701 1 5709 1 5706 4 5 2147483647 47025 4 497 4 5 2147483647 47025 4 3030 4 5 2147483647 47025 4 490 12 19322 37291 37292 4 25321 2147483647 47025 4 490 12 585 37291 37292 4 25321
47025 4 5710 4 5 2147483647 47025 4 20910 4 5 2147483647 47025 4 488 1 478 1 482 12 23652 37291 37292 4 25321 2147483647 47025 4 3030 4 5 2147483647 47025 4 20909 12 585 4 25321 2147483647 47025
47025 4 501 12 5271 4 25321 2147483647 47025 4 486 12 5270 37291 37292 4 25321 2147483647 47025 4 3030 4 5 2147483647 47025 4 5706 1 486 12 5270 37291 37292 4 25321 2147483647 47025 4 20910 4 5
47025 4 486 12 585 37291 37292 4 25321 2147483647 47025 4 20911 1 3030 12 585 4 25321 2147483647 47025 4 20911 1 3030 1 497 4 5 2147483647 47025 4 20910 1 3028 12 585 37291 37292 4 25321
47025 4 5710 4 5 2147483647 47025 4 5701 12 585 4 25321 2147483647 47025 4 5701 1 5709 1 5706 12 28316 37291 37292 4 25321 2147483647 47025 4 30002 4 5 2147483647 47025 4 30002 1 23731 12 585
47025 4 3027 4 5 2147483647 47025 4 5710 1 5701 4 5 2147483647 47025 4 5710 4 5 2147483647 47025 4 477 12 585 37291 37292 4 25321 2147483647 47025 4 3028 1 3027 12 585 37291 37292 4 25321
47025 4 501 4 5 2147483647 47025 4 486 4 5 2147483647 47025 4 20910 4 5 2147483647 47025 4 20909 1 20911 4 5 2147483647 47025 4 477 4 5 2147483647 47025 4 496 1 488 1 501 12 5271
47025 4 5701 4 5 2147483647 47025 4 32 2147483647 47025 4 477 4 5 2147483647 47025 4 478 12 585 37291 37292 4 25321 2147483647 47025 4 5710 4 5 2147483647 47025 4 3030 1 497 12 585 4 25321
47025 4 490 12 28315 4 25321 2147483647 47025 4 490 12 5271 4 25321 2147483647 47025 4 20910 1 20909 4 5 2147483647 47025 4 496 1 497 4 5 2147483647 47025 4 497 4 5 2147483647 47025 4 32
47025 4 5709 1 5706 1 486 1 490 12 585 4 25321 2147483647 47025 4 5706 4 5 2147483647 47025 4 479 12 585 37291 37292 4 25321 2147483647 47025 4 490 12 585 4 25321 2147483647 47025 4 5706
47025 4 490 12 21968 4 25321 2147483647 47025 4 32 2147483647 47025 4 32 2147483647 47025 4 5710 1 5701 12 585 37291 37292 4 25321 2147483647 47025 4 497 1 501 12 5271 4 25321 2147483647 47025 4 477
47025 4 486 12 5270 4 25321 2147483647 47025 4 20911 1 3030 1 497 1 477 4 5 2147483647 47025 4 482 4 5 2147483647 47025 4 486 12 585 37291 37292 4 25321 2147483647 47025 4 30002 4 5
47025 4 3030 12 585 4 25321 2147483647 47025 4 23731 1 5701 4 5 2147483647 47025 4 3028 1 3027 4 5 2147483647 47025 4 5709 12 21968 4 25321 2147483647 47025 4 23735 1 5706 12 28316 37291 37292
47025 4 20911 1 3030 1 497 4 5 2147483647 47025 4 3030 4 5 2147483647 47025 4 23731 12 585 4 25321 2147483647 47025 4 31 2147483647 47025 4 488 1 478 1 482 4 5 2147483647 47025 4 501
47025 4 5709 1 5706 4 5 2147483647 47025 4 23734 1 23735 4 5 2147483647 47025 4 20909 1 20911 1 3030 12 585 37291 37292 4 25321 2147483647 47025 4 23734 1 5709 12 585 37291 37292 4 25321
47025 4 20909 12 585 37291 37292 4 25321 2147483647 47025 4 3028 4 5 2147483647 47025 4 3028 1 3027 1 3030 4 5 2147483647 47025 4 23735 4 5 2147483647 47025 4 497 1 501 1 482 12 585
47025 4 20911 1 496 4 5 2147483647 47025 4 479 1 477 12 585 37291 37292 4 25321 2147483647 47025 4 486 1 490 12 23166 4 25321 2147483647 47025 4 23734 4 5 2147483647 47025 4 3030 4 5
47025 4 479 4 5 2147483647 47025 4 490 12 5271 37291 37292 4 25321 2147483647 47025 4 3028 4 5 2147483647 47025 4 3027 4 5 2147483647 47025 4 3028 12 585 4 25321 2147483647 47025 4 31 2147483647 47025
47025 4 497 1 477 1 482 12 28316 37291 37292 4 25321 2147483647 47025 4 488 1 501 12 5271 37291 37292 4 25321 2147483647 47025 4 478 4 5 2147483647 47025 4 3030 4 5 2147483647 47025 4 23734
47025 4 31 2147483647 47025 4 23731 4 5 2147483647 47025 4 3030 4 5 2147483647 47025 4 496 12 585 37291 37292 4 25321 2147483647 47025 4 31 2147483647 47025 4 478 1 482 12 23166 4 25321 2147483647 47025
47025 4 5706 1 486 12 5270 4 25321 2147483647 47025 4 3030 12 585 37291 37292 4 25321 2147483647 47025 4 482 12 23652 37291 37292 4 25321 2147483647 47025 4 490 12 28315 4 25321 2147483647 47025 4 479
47025 4 32 2147483647 47025 4 3027 1 3030 12 585 37291 37292 4 25321 2147483647 47025 4 478 4 5 2147483647 47025 4 501 4 5 2147483647 47025 4 497 1 501 12 585 4 25321 2147483647 47025 4 477
47025 4 3030 4 5 2147483647 47025 4 3027 4 5 2147483647 47025 4 3030 1 497 1 477 4 5 2147483647 47025 4 3027 12 585 4 25321 2147483647 47025 4 20910 4 5 2147483647 47025 4 501 4 5
47025 4 3027 1 3030 4 5 2147483647 47025 4 479 4 5 2147483647 47025 4 23734 1 23735 4 5 2147483647 47025 4 5709 1 5706 4 5 2147483647 47025 4 479 12 585 4 25321 2147483647 47025 4 501
47025 4 23734 12 585 37291 37292 4 25321 2147483647 47025 4 23735 1 5706 1 486 12 5270 4 25321 2147483647 47025 4 3030 12 585 37291 37292 4 25321 2147483647 47025 4 478 12 585 37291 37292 4 25321
47025 4 20909 12 585 4 25321 2147483647 47025 4 23731 1 23734 12 21968 37291 37292 4 25321 2147483647 47025 4 497 12 585 4 25321 2147483647 47025 4 5710 1 5701 4 5 2147483647 47025 4 30002 1 5710
47025 4 20910 4 5 2147483647 47025 4 20910 1 3028 12 585 37291 37292 4 25321 2147483647 47025 4 488 1 478 1 482 12 585 4 25321 2147483647 47025 4 5706 12 585 37291 37292 4 25321 2147483647 47025
47025 4 23734 1 23735 1 5706 12 585 37291 37292 4 25321 2147483647 47025 4 5701 12 585 37291 37292 4 25321 2147483647 47025 4 3028 12 585 4 25321 2147483647 47025 4 5709 12 585 4 25321 2147483647 47025
47025 4 496 1 497 12 585 37291 37292 4 25321 2147483647 47025 4 20911 1 496 1 479 1 478 4 5 2147483647 47025 4 23735 1 5706 12 28316 4 25321 2147483647 47025 4 23735 4 5 2147483647 47025
47025 4 478 12 585 4 25321 2147483647 47025 4 20909 1 3027 1 3030 1 497 1 477 4 5 2147483647 47025 4 20909 1 3027 1 3030 12 585 37291 37292 4 25321 2147483647 47025 4 20910 1 20909
47025 4 488 4 5 2147483647 47025 4 488 12 585 4 25321 2147483647 47025 4 501 1 482 12 585 37291 37292 4 25321 2147483647 47025 4 486 12 585 37291 37292 4 25321 2147483647 47025 4 3028 1 3027
47025 4 5710 1 3028 12 585 4 25321 2147483647 47025 4 3027 12 585 37291 37292 4 25321 2147483647 47025 4 3030 1 497 12 585 4 25321 2147483647 47025 4 31 2147483647 47025 4 5710 1 3028 1 3027
47025 4 477 4 5 2147483647 47025 4 501 12 585 37291 37292 4 25321 2147483647 47025 4 5710 4 5 2147483647 47025 4 3028 4 5 2147483647 47025 4 5709 4 5 2147483647 47025 4 496 1 479 1 478
47025 4 31 2147483647 47025 4 20910 1 20909 1 3027 12 585 4 25321 2147483647 47025 4 490 12 585 37291 37292 4 25321 2147483647 47025 4 3028 4 5 2147483647 47025 4 3027 4 5 2147483647 47025 4 5709
47025 4 482 12 28316 4 25321 2147483647 47025 4 23735 1 5706 12 585 37291 37292 4 25321 2147483647 47025 4 23735 1 5706 4 5 2147483647 47025 4 5709 12 585 4 25321 2147483647 47025 4 496 4 5
47025 4 488 1 478 12 585 4 25321 2147483647 47025 4 20911 1 3030 12 585 4 25321 2147483647 47025 4 486 4 5 2147483647 47025 4 5701 1 5709 12 585 37291 37292 4 25321 2147483647 47025 4 496
47025 4 23734 12 21968 4 25321 2147483647 47025 4 3028 4 5 2147483647 47025 4 3030 1 497 4 5 2147483647 47025 4 31 2147483647 47025 4 5706 12 585 37291 37292 4 25321 2147483647 47025 4 3028 1 3027
47025 4 3028 12 585 37291 37292 4 25321 2147483647 47025 4 31 2147483647 47025 4 5706 12 585 37291 37292 4 25321 2147483647 47025 4 497 1 477 1 482 1 486 4 5 2147483647 47025 4 488 1 478
47025 4 5706 1 486 12 5270 4 25321 2147483647 47025 4 477 1 482 12 28316 4 25321 2147483647 47025 4 478 4 5 2147483647 47025 4 477 4 5 2147483647 47025 4 5710 1 3028 12 585 37291 37292
47025 4 3027 4 5 2147483647 47025 4 482 12 28316 37291 37292 4 25321 2147483647 47025 4 20911 4 5 2147483647 47025 4 496 1 488 4 5 2147483647 47025 4 31 2147483647 47025 4 23735 1 5706 12 28316
47025 4 482 12 585 37291 37292 4 25321 2147483647 47025 4 23735 1 5706 12 585 4 25321 2147483647 47025 4 31 2147483647 47025 4 5706 1 486 4 5 2147483647 47025 4 23734 1 23735 1 5706 4 5
47025 4 496 1 497 1 501 4 5 2147483647 47025 4 496 1 497 4 5 2147483647 47025 4 488 1 501 1 482 12 28316 4 25321 2147483647 47025 4 501 12 5271 4 25321 2147483647 47025 4 479
47025 4 501 12 5271 4 25321 2147483647 47025 4 5701 4 5 2147483647 47025 4 23731 12 585 37291 37292 4 25321 2147483647 47025 4 20909 12 585 37291 37292 4 25321 2147483647 47025 4 477 1 482 12 28316
47025 4 496 12 585 4 25321 2147483647 47025 4 20911 1 496 1 497 1 477 1 482 12 23652 4 25321 2147483647 47025 4 23731 1 23734 1 5709 4 5 2147483647 47025 4 482 12 23166 37291 37292
47025 4 23734 4 5 2147483647 47025 4 5706 12 585 4 25321 2147483647 47025 4 477 4 5 2147483647 47025 4 23735 1 5706 1 486 1 490 12 19322 37291 37292 4 25321 2147483647 47025 4 486 4 5
47025 4 488 1 501 4 5 2147483647 47025 4 488 4 5 2147483647 47025 4 5710 1 3028 1 3027 12 585 37291 37292 4 25321 2147483647 47025 4 5709 12 21968 4 25321 2147483647 47025 4 23734 12 21968
47025 4 5709 12 21968 4 25321 2147483647 47025 4 477 12 585 37291 37292 4 25321 2147483647 47025 4 490 12 28315 37291 37292 4 25321 2147483647 47025 4 20911 1 496 1 497 1 477 12 585 37291 37292
47025 4 5710 1 5701 4 5 2147483647 47025 4 482 12 23652 37291 37292 4 25321 2147483647 47025 4 3027 4 5 2147483647 47025 4 3027 12 585 4 25321 2147483647 47025 4 5710 4 5 2147483647 47025 4 30002
47025 4 496 1 497 1 501 1 482 12 585 4 25321 2147483647 47025 4 488 1 478 4 5 2147483647 47025 4 486 12 585 37291 37292 4 25321 2147483647 47025 4 31 2147483647 47025 4 23735 1 5706
47025 4 477 12 585 4 25321 2147483647 47025 4 488 1 478 1 482 4 5 2147483647 47025 4 23734 12 585 37291 37292 4 25321 2147483647 47025 4 3028 4 5 2147483647 47025 4 30002 4 5 2147483647 47025
47025 4 501 4 5 2147483647 47025 4 3028 12 585 37291 37292 4 25321 2147483647 47025 4 3028 1 3027 12 585 4 25321 2147483647 47025 4 20911 4 5 2147483647 47025 4 3030 1 497 1 477 4 5
47025 4 501 4 5 2147483647 47025 4 3028 4 5 2147483647 47025 4 478 1 482 12 585 37291 37292 4 25321 2147483647 47025 4 497 4 5 2147483647 47025 4 23735 1 5706 1 486 4 5 2147483647 47025
47025 4 496 1 497 4 5 2147483647 47025 4 30002 1 5710 1 3028 1 3027 1 3030 1 497 1 501 12 585 37291 37292 4 25321 2147483647 47025 4 3028 1 3027 1 3030 1 497 4 5
47025 4 23734 12 21968 37291 37292 4 25321 2147483647 47025 4 490 12 21968 37291 37292 4 25321 2147483647 47025 4 479 1 478 4 5 2147483647 47025 4 478 4 5 2147483647 47025 4 488 12 585 4 25321
47025 4 501 4 5 2147483647 47025 4 482 4 5 2147483647 47025 4 20909 1 3027 1 3030 12 585 37291 37292 4 25321 2147483647 47025 4 5709 1 5706 12 585 37291 37292 4 25321 2147483647 47025 4 31
47025 4 3028 4 5 2147483647 47025 4 496 4 5 2147483647 47025 4 497 4 5 2147483647 47025 4 478 4 5 2147483647 47025 4 478 12 585 4 25321 2147483647 47025 4 479 1 478 1 482 4 5
47025 4 23731 1 23734 12 21968 37291 37292 4 25321 2147483647 47025 4 477 12 585 4 25321 2147483647 47025 4 23731 1 5701 4 5 2147483647 47025 4 3028 1 3027 1 3030 1 497 1 477 12 585
47025 4 490 12 28315 37291 37292 4 25321 2147483647 47025 4 20910 1 20909 1 3027 12 585 37291 37292 4 25321 2147483647 47025 4 497 1 477 4 5 2147483647 47025 4 482 12 28316 4 25321 2147483647 47025
47025 4 32 2147483647 47025 4 479 4 5 2147483647 47025 4 23735 1 5706 1 486 1 490 12 5271 4 25321 2147483647 47025 4 497 1 477 12 585 4 25321 2147483647 47025 4 23731 1 23734 4 5
47025 4 23731 12 585 4 25321 2147483647 47025 4 5701 12 585 4 25321 2147483647 47025 4 478 1 482 1 486 12 585 4 25321 2147483647 47025 4 496 4 5 2147483647 47025 4 3030 4 5 2147483647 47025
47025 4 501 1 482 12 23652 4 25321 2147483647 47025 4 20911 1 496 12 585 37291 37292 4 25321 2147483647 47025 4 488 1 478 12 585 37291 37292 4 25321 2147483647 47025 4 488 1 501 12 5271
47025 4 20910 1 20909 1 3027 4 5 2147483647 47025 4 23731 1 5701 4 5 2147483647 47025 4 23731 4 5 2147483647 47025 4 496 1 497 1 501 12 5271 4 25321 2147483647 47025 4 501 12 585
47025 4 5706 4 5 2147483647 47025 4 478 1 482 12 23652 37291 37292 4 25321 2147483647 47025 4 501 1 482 1 486 1 490 12 28317 37291 37292 4 25321 2147483647 47025 4 20910 1 20909 12 585
47025 4 486 4 5 2147483647 47025 4 5701 4 5 2147483647 47025 4 488 1 501 12 5271 37291 37292 4 25321 2147483647 47025 4 20910 1 20909 12 585 4 25321 2147483647 47025 4 3030 1 497 1 477
47025 4 3027 1 3030 1 497 1 501 12 5271 37291 37292 4 25321 2147483647 47025 4 20909 12 585 37291 37292 4 25321 2147483647 47025 4 3030 1 497 12 585 37291 37292 4 25321 2147483647 47025 4 23731
47025 4 30002 1 23731 12 585 4 25321 2147483647 47025 4 497 4 5 2147483647 47025 4 3030 12 585 4 25321 2147483647 47025 4 23731 4 5 2147483647 47025 4 490 12 26825 4 25321 2147483647 47025 4 496
47025 4 5709 4 5 2147483647 47025 4 5706 1 486 1 490 12 21968 37291 37292 4 25321 2147483647 47025 4 477 4 5 2147483647 47025 4 490 12 26825 4 25321 2147483647 47025 4 5701 1 5709 1 5706
47025 4 20910 1 20909 1 3027 4 5 2147483647 47025 4 20910 1 3028 4 5 2147483647 47025 4 482 1 486 12 585 37291 37292 4 25321 2147483647 47025 4 496 1 488 1 478 12 585 4 25321
47025 4 20911 4 5 2147483647 47025 4 3027 1 3030 12 585 37291 37292 4 25321 2147483647 47025 4 482 1 486 4 5 2147483647 47025 4 486 1 490 12 23166 4 25321 2147483647 47025 4 31 2147483647 47025
47025 4 3030 1 497 4 5 2147483647 47025 4 23734 1 5709 12 585 37291 37292 4 25321 2147483647 47025 4 23735 4 5 2147483647 47025 4 32 2147483647 47025 4 479 4 5 2147483647 47025 4 488 1 478
47025 4 5701 1 5709 12 21968 4 25321 2147483647 47025 4 30002 4 5 2147483647 47025 4 3030 1 497 12 585 4 25321 2147483647 47025 4 20910 1 20909 12 585 4 25321 2147483647 47025 4 482 12 28316
47025 4 482 4 5 2147483647 47025 4 20910 1 20909 12 585 37291 37292 4 25321 2147483647 47025 4 23735 1 5706 1 486 12 5270 37291 37292 4 25321 2147483647 47025 4 32 2147483647 47025 4 490 4 5
47025 4 23734 12 21968 4 25321 2147483647 47025 4 496 12 585 37291 37292 4 25321 2147483647 47025 4 488 1 501 12 5271 4 25321 2147483647 47025 4 23734 1 5709 4 5 2147483647 47025 4 20910 1 3028
47025 4 5706 12 585 4 25321 2147483647 47025 4 20911 1 3030 1 497 12 585 37291 37292 4 25321 2147483647 47025 4 23734 4 5 2147483647 47025 4 477 4 5 2147483647 47025 4 30002 1 20910 12 585
47025 4 5701 1 5709 12 585 4 25321 2147483647 47025 4 497 1 477 1 482 12 23652 4 25321 2147483647 47025 4 479 1 478 1 482 12 23652 37291 37292 4 25321 2147483647 47025 4 5710 1 5701
47025 4 30002 1 23731 4 5 2147483647 47025 4 23731 4 5 2147483647 47025 4 30002 1 23731 1 5701 1 5709 1 5706 1 486 12 585 37291 37292 4 25321 2147483647 47025 4 32 2147483647 47025 4 5706
47025 4 497 4 5 2147483647 47025 4 497 1 477 4 5 2147483647 47025 4 23735 1 5706 12 585 37291 37292 4 25321 2147483647 47025 4 31 2147483647 47025 4 5701 4 5 2147483647 47025 4 31 2147483647 47025
47025 4 20910 1 3028 4 5 2147483647 47025 4 30002 1 23731 1 5701 4 5 2147483647 47025 4 30002 1 20910 4 5 2147483647 47025 4 497 1 501 4 5 2147483647 47025 4 23735 4 5 2147483647 47025
47025 4 496 12 585 4 25321 2147483647 47025 4 30002 1 20910 1 20909 1 3027 1 3030 4 5 2147483647 47025 4 490 12 23166 37291 37292 4 25321 2147483647 47025 4 23735 4 5 2147483647 47025 4 5710
47025 4 5709 12 585 37291 37292 4 25321 2147483647 47025 4 5701 1 5709 12 21968 37291 37292 4 25321 2147483647 47025 4 3028 1 3027 12 585 4 25321 2147483647 47025 4 31 2147483647 47025 4 479 12 585
47025 4 5706 12 585 4 25321 2147483647 47025 4 3027 12 585 37291 37292 4 25321 2147483647 47025 4 497 4 5 2147483647 47025 4 497 12 585 4 25321 2147483647 47025 4 20909 1 3027 4 5 2147483647 47025
47025 4 477 1 482 12 585 4 25321 2147483647 47025 4 20909 1 20911 1 3030 1 497 1 501 12 5271 4 25321 2147483647 47025 4 479 1 477 4 5 2147483647 47025 4 486 4 5 2147483647 47025
47025 4 486 12 5270 37291 37292 4 25321 2147483647 47025 4 488 1 478 4 5 2147483647 47025 4 478 4 5 2147483647 47025 4 477 12 585 37291 37292 4 25321 2147483647 47025 4 482 1 486 4 5
47025 4 5710 1 3028 12 585 37291 37292 4 25321 2147483647 47025 4 488 1 478 1 482 12 585 4 25321 2147483647 47025 4 23735 1 5706 1 486 12 585 4 25321 2147483647 47025 4 3030 1 497
47025 4 497 1 477 12 585 4 25321 2147483647 47025 4 5706 12 585 37291 37292 4 25321 2147483647 47025 4 20910 12 585 37291 37292 4 25321 2147483647 47025 4 23734 4 5 2147483647 47025 4 5709 4 5
47025 4 497 12 585 4 25321 2147483647 47025 4 30002 1 20910 12 585 37291 37292 4 25321 2147483647 47025 4 497 4 5 2147483647 47025 4 3030 4 5 2147483647 47025 4 486 4 5 2147483647 47025 4 32
47025 4 496 12 585 4 25321 2147483647 47025 4 496 1 497 4 5 2147483647 47025 4 3028 12 585 4 25321 2147483647 47025 4 477 12 585 37291 37292 4 25321 2147483647 47025 4 477 1 482 1 486
47025 4 3028 1 3027 4 5 2147483647 47025 4 497 1 477 12 585 37291 37292 4 25321 2147483647 47025 4 23735 4 5 2147483647 47025 4 30002 1 23731 1 23734 12 21968 4 25321 2147483647 47025 4 478
47025 4 3028 4 5 2147483647 47025 4 3030 12 585 37291 37292 4 25321 2147483647 47025 4 31 2147483647 47025 4 486 4 5 2147483647 47025 4 477 12 585 4 25321 2147483647 47025 4 5710 4 5 2147483647 47025
